epsilon,avg_latency_ns,total_wall_time_s,avg_IOs,IO_time_s,mem_time_s,IO_fraction,mem_fraction,cache_hit_ratio
16,4282.590818,4.282900,70889,3.162689,1.120212,0.738446,0.261554,0.853896
16,4171.366058,4.171666,71208,3.147533,1.024132,0.754503,0.245497,0.853896
16,4580.075236,4.580219,70981,3.362004,1.218215,0.734027,0.265973,0.853896
16,4307.472591,4.307700,71119,3.110904,1.196796,0.722173,0.277827,0.853896
16,4313.457156,4.313803,71175,3.146717,1.167086,0.729453,0.270547,0.853896
16,4470.816544,4.471139,71330,3.297476,1.173663,0.737503,0.262497,0.853896
16,4272.341146,4.272719,71005,3.078800,1.193919,0.720572,0.279428,0.853896
16,4257.400675,4.257727,70937,3.067843,1.189884,0.720535,0.279465,0.853896
16,4344.666626,4.344893,71129,3.118075,1.226818,0.717641,0.282359,0.853896
16,4261.450323,4.261679,70849,3.079211,1.182468,0.722535,0.277465,0.853896
